0.075665 
0.071515 
0.068810 
0.065738 
0.062149 
0.059399 
0.055674 
0.051163 
0.045733 
0.039868 
0.034303 
0.029015 
0.023353 
0.018108 
0.012613 
0.006854 
0.001686 
-0.003373 
-0.007846 
-0.011864 
-0.015590 
-0.018923 
-0.021894 
-0.024244 
-0.026575 
-0.028573 
-0.030316 
-0.031979 
-0.032834 
-0.033203 
-0.033519 
-0.033592 
-0.032956 
-0.032073 
-0.030508 
-0.028725 
-0.026573 
-0.024211 
-0.022077 
-0.020172 
-0.017886 
-0.015657 
-0.013301 
-0.011152 
-0.009441 
-0.008257 
-0.007393 
-0.007115 
-0.006899 
-0.007195 
-0.007572 
-0.008134 
-0.009542 
-0.010519 
-0.012251 
-0.013837 
-0.015389 
-0.016949 
-0.018203 
-0.019461 
-0.020485 
-0.021302 
-0.022118 
-0.022490 
-0.022471 
-0.022251 
-0.021358 
-0.020110 
-0.018810 
-0.017647 
-0.016242 
-0.014764 
-0.013043 
-0.011041 
-0.008456 
-0.005913 
-0.002738 
0.000344 
0.003505 
0.007373 
0.011220 
0.015292 
0.019191 
0.022781 
0.026263 
0.029811 
0.033392 
0.036844 
0.039916 
0.042640 
0.044717 
0.046487 
0.047999 
0.049170 
0.049266 
0.047878 
0.046984 
0.044795 
0.042132 
0.039798 
0.036558 
0.033173 
0.029670 
0.025867 
0.022473 
0.018353 
0.014850 
0.010650 
0.006651 
0.003210 
-0.000162 
-0.003305 
-0.006600 
-0.009660 
-0.012629 
-0.014990 
-0.016658 
-0.018110 
-0.019673 
-0.021200 
-0.022731 
-0.024216 
-0.024469 
-0.024899 
-0.024953 
-0.024472 
-0.024011 
-0.023160 
-0.022168 
-0.020733 
-0.019237 
-0.017580 
-0.015931 
-0.014162 
-0.012571 
-0.011106 
-0.009464 
-0.007914 
-0.006377 
-0.005578 
-0.004776 
-0.004599 
-0.004270 
-0.004356 
-0.004337 
-0.004517 
-0.005470 
-0.005706 
-0.006837 
-0.007590 
-0.008394 
-0.009157 
-0.009845 
-0.010596 
-0.011126 
-0.011682 
-0.011937 
-0.011949 
-0.011807 
-0.011524 
-0.011113 
-0.010416 
-0.009565 
-0.008505 
-0.007535 
-0.006891 
-0.005916 
-0.004692 
-0.003436 
-0.001770 
0.000175 
0.001849 
0.003529 
0.005449 
0.007476 
0.009773 
0.012032 
0.013961 
0.015850 
0.017539 
0.019423 
0.021229 
0.023048 
0.024441 
0.025652 
0.026621 
0.027164 
0.027697 
0.027612 
0.027320 
0.026561 
0.025076 
0.023748 
0.022215 
0.019985 
0.018252 
0.016317 
0.014140 
0.011812 
0.009441 
0.007318 
0.004725 
0.002510 
0.000612 
-0.001595 
-0.003475 
-0.005456 
-0.007362 
-0.008505 
-0.009970 
-0.010646 
-0.011552 
-0.012564 
-0.013396 
-0.014126 
-0.014816 
-0.014880 
-0.015089 
-0.014837 
-0.014458 
-0.014114 
-0.013348 
-0.012788 
-0.012219 
-0.011278 
-0.010179 
-0.009108 
-0.008050 
-0.007101 
-0.006067 
-0.005270 
-0.004335 
-0.003437 
-0.002683 
-0.002005 
-0.001705 
-0.001686 
-0.001698 
-0.001545 
-0.001386 
-0.001513 
-0.001625 
-0.002001 
-0.002145 
-0.002124 
-0.002287 
-0.002282 
-0.002440 
-0.002503 
-0.002423 
-0.002372 
-0.002153 
-0.002101 
-0.001885 
-0.001789 
-0.001534 
-0.001159 
-0.000804 
-0.000396 
-0.000450 
-0.000085 
-0.000028 
0.000260 
0.001397 
0.002067 
0.002305 
0.002518 
0.003178 
0.003462 
0.004678 
0.005351 
0.005954 
0.006772 
0.007144 
0.007745 
0.008390 
0.008868 
0.009399 
0.009880 
0.009953 
0.010006 
0.009969 
0.009698 
0.009227 
0.008531 
0.007842 
0.007300 
0.006537 
0.005718 
0.005162 
0.003910 
0.002826 
0.002125 
0.001261 
0.000421 
-0.000304 
-0.001239 
-0.002085 
-0.002989 
-0.003557 
0.000000 
0.000000 
0.000000 
0.000000 
0.000000 
0.000000 
0.000000 
0.000000 
0.000000 
0.000000 
0.000000 
0.000000 
0.000000 
0.000000 
0.000000 
0.000000 
0.000000 
0.000000 
0.000000 
0.000000 
0.000000 
0.000000 
0.000000 
0.000000 
0.000000 
0.000000 
0.000000 
0.000000 
0.000000 
0.000000 
0.000000 
0.000000 
0.000000 
0.000000 
0.000000 
0.000000 
0.000000 
0.000000 
0.000000 
0.000000 
0.000000 
0.000000 
0.000000 
0.000000 
0.000000 
0.000000 
0.000000 
0.000000 
0.000000 
0.000000 
0.000000 
0.000000 
0.000000 
0.000000 
0.000000 
0.000000 
0.000000 
0.000000 
0.000000 
0.000000 
0.000000 
0.000000 
0.000000 
0.000000 
0.000000 
0.000000 
0.000000 
0.000000 
0.000000 
0.000000 
0.000000 
0.000000 
0.000000 
0.000000 
0.000000 
0.000000 
0.000000 
0.000000 
0.000000 
0.000000 
0.000000 
0.000000 
0.000000 
0.000000 
0.000000 
0.000000 
0.000000 
0.000000 
0.000000 
0.000000 
0.000000 
0.000000 
0.000000 
0.000000 
0.000000 
0.000000 
0.000000 
0.000000 
0.000000 
0.000000 
0.000000 
0.000000 
0.000000 
0.000000 
0.000000 
0.000000 
0.000000 
0.000000 
0.000000 
0.000000 
0.000000 
0.000000 
0.000044 
0.000000 
0.000000 
0.000000 
0.000000 
0.000000 
0.000000 
0.000000 
0.000175 
0.000000 
0.000175 
0.000000 
0.000000 
0.000000 
0.000000 
0.000000 
0.000000 
0.000000 
0.000000 
0.000000 
0.000000 
0.000000 
0.000000 
0.000000 
0.000000 
0.000043 
0.000000 
0.000000 
0.000000 
0.000000 
0.000000 
0.000000 
0.000000 
0.000000 
0.000000 
0.000000 
0.000000 
0.000000 
0.000000 
0.000000 
0.000000 
0.000000 
0.000000 
0.000000 
0.000000 
0.000000 
0.000000 
0.000000 
0.000000 
0.000000 
0.000000 
0.000000 
0.000000 
0.000000 
0.000000 
0.000000 
0.000000 
0.000000 
0.000000 
0.000000 
0.000000 
0.000000 
0.000000 
0.000000 
0.000000 
0.000000 
0.000000 
0.000000 
0.000000 
0.000000 
0.000000 
0.000000 
0.000000 
0.000000 
0.000000 
0.000000 
0.000000 
0.000000 
0.000000 
0.000000 
0.000000 
0.000000 
0.000000 
0.000000 
0.000000 
0.000000 
0.000000 
0.000000 
0.000000 
0.000000 
0.000000 
0.000000 
0.000000 
0.000000 
0.000000 
0.000000 
0.000000 
0.000000 
0.000000 
0.000000 
0.000000 
0.000000 
0.000000 
0.000000 
0.000000 
0.000000 
0.000000 
0.000000 
0.000000 
0.000000 
0.000000 
0.000000 
0.000000 
0.000000 
0.000000 
0.000000 
0.000000 
0.000000 
0.000000 
0.000000 
0.000000 
0.000000 
0.000000 
0.000000 
0.000000 
0.000000 
0.000000 
0.000000 
0.000000 
0.000000 
0.000000 
0.000000 
0.000000 
0.000000 
0.000000 
0.000000 
0.000000 
0.000000 
0.000000 
0.000000 
0.000000 
0.000000 
0.000000 
0.000000 
0.000000 
0.000000 
0.000000 
0.000000 
0.000000 
0.000000 
0.000000 
0.000000 
0.000000 
0.000000 
0.000000 
0.000000 
0.000000 
0.000000 
0.000000 
0.000000 
0.000000 
0.000000 
0.000000 
0.000000 
0.000000 
0.000000 
0.000000 
0.000000 
0.000000 
0.000000 
0.000000 
0.000000 
0.000000 
0.000000 
0.000000 
0.000000 
0.000000 
0.000000 
0.000000 
0.000000 
0.000000 
0.000000 
0.000000 
0.000000 
0.000000 
0.000000 
0.000000 
0.000000 
